4	8	9.059906006
4	400	11.205673218
4	800	12.159347534
4	1600	15.020370483
4	3200	17.166137695
4	4800	20.027160645000002
4	6400	22.888183594
4	8000	24.080276489
4	9600	26.941299438
4	11200	42.200088501
4	12800	44.107437134
4	14400	45.06111145
4	16000	47.206878662
4	17600	49.829483032
4	19200	51.021575928
4	20800	53.16734314
4	22400	54.121017456000004
4	24000	56.028366089
4	25600	58.889389038000004
4	27200	60.081481934
4	28800	61.988830566
4	30400	64.134597778
4	32000	65.088272095
4	33600	66.99562072799999
4	35200	69.856643677
4	36800	72.00241088899999
4	38400	72.956085205
4	40000	74.148178101
4	41600	77.00920105
4	43200	77.962875366
4	44800	79.870223999
4	46400	82.015991211
4	48000	82.969665527
4	49600	98.94371032699999
4	51200	97.990036011
4	52800	99.897384644
4	54400	100.135803223
4	56000	101.804733276
4	57600	105.85784912099999
4	59200	104.904174805
4	60800	104.904174805
4	62400	108.00361633300001
4	64000	107.04994201699999
4	65600	110.864639282
4	67200	113.964080811
4	68800	112.056732178
4	70400	113.964080811
4	72000	115.871429443
4	73600	117.063522339
4	75200	115.871429443
4	76800	118.017196655
4	78400	121.831893921
4	80000	120.162963867
4	96000	131.84547424299998
4	112000	147.104263306
4	128000	162.839889526
4	144000	1158.952713013
4	160000	1168.012619019
4	176000	1209.97428894
4	192000	1204.013824463
4	208000	1228.809356689
4	224000	1240.253448486
4	240000	1245.0218200680001
4	256000	1244.068145752
4	272000	1384.019851685
4	288000	1394.033432007
4	304000	1378.059387207
4	320000	1391.8876647949999
4	336000	1377.820968628
4	352000	1405.000686646
4	368000	1435.041427612
4	384000	1410.961151123
4	400000	1441.0018920900002
4	416000	1436.948776245
4	432000	1355.171203613
4	448000	1593.1129455569999
4	464000	1600.0270843510002
4	480000	1636.981964111
4	496000	1675.844192505
4	512000	1688.957214355
4	528000	2038.00201416
4	544000	1999.1397857670001
4	560000	2115.01121521
4	576000	2109.050750732
4	592000	2105.951309204
4	608000	2058.982849121
4	624000	2159.833908081
4	640000	2185.106277466
4	656000	2202.987670898
4	672000	2177.953720093
4	688000	2185.106277466
4	704000	2209.186553955
4	720000	2240.1809692379998
4	736000	2229.928970337
4	752000	2259.969711304
4	768000	2266.883850098
4	784000	2261.161804199
4	800000	2268.0759429930004
4	960000	2377.986907959
4	1120000	2541.0652160639997
4	1280000	2659.0824127200003
4	1440000	2912.044525146
4	1600000	3093.004226685
4	1760000	3167.867660522
4	1920000	3317.832946777
4	2080000	3455.1620483399997
4	2240000	3645.896911621
4	2400000	3777.027130127
4	2560000	3993.9880371090003
4	2720000	4230.976104736001
4	2880000	4477.977752686
4	3040000	4609.107971191001
4	3200000	4896.879196167
4	3360000	4965.06690979
4	3520000	5125.999450683999
4	3680000	5177.974700928
4	3840000	5514.144897461
4	4000000	5684.852600098
4	4160000	5815.029144287
4	4320000	5925.178527832
4	4480000	6166.934967041
4	4640000	6258.010864258
4	4800000	6636.142730713
4	4960000	6764.17350769
4	5120000	7103.91998291
4	5280000	7228.136062622
4	5440000	7480.859756469999
4	5600000	7551.908493042
4	5760000	7809.87739563
4	5920000	8110.046386719
4	6080000	8138.895034789999
4	6240000	8400.201797484999
4	6400000	9653.091430664
4	6560000	9845.972061157
4	6720000	9981.870651244999
4	6880000	10164.022445679
4	7040000	10514.020919800001
4	7200000	10661.125183105001
4	7360000	10978.937149048
4	7520000	11101.007461548
4	7680000	11335.849761963
4	7840000	11492.013931274
4	8000000	11715.173721313
8	8	13.828277588
8	400	19.073486328
8	800	19.073486328
8	1600	21.934509277
8	3200	25.987625121999997
8	4800	30.040740967
8	6400	33.140182495
8	8000	36.001205444
8	9600	41.961669922
8	11200	75.10185241699999
8	12800	77.962875366
8	14400	80.82389831500001
8	16000	84.87701416
8	17600	87.976455688
8	19200	87.976455688
8	20800	91.075897217
8	22400	92.029571533
8	24000	94.175338745
8	25600	96.082687378
8	27200	97.03636169399999
8	28800	100.135803223
8	30400	102.996826172
8	32000	105.85784912099999
8	33600	107.04994201699999
8	35200	110.149383545
8	36800	113.01040649400001
8	38400	116.10984802200001
8	40000	117.063522339
8	41600	117.063522339
8	43200	120.162963867
8	44800	120.162963867
8	46400	122.0703125
8	48000	125.16975402800001
8	49600	129.93812561000001
8	51200	130.176544189
8	52800	132.083892822
8	54400	133.99124145500002
8	56000	136.137008667
8	57600	138.99803161600002
8	59200	138.99803161600002
8	60800	140.905380249
8	62400	144.958496094
8	64000	148.057937622
8	65600	149.965286255
8	67200	152.826309204
8	68800	151.872634888
8	70400	155.925750732
8	72000	154.97207641600002
8	73600	157.117843628
8	75200	159.025192261
8	76800	164.031982422
8	78400	163.078308105
8	80000	166.17774963399998
8	96000	185.96649169900002
8	112000	241.994857788
8	128000	245.094299316
8	144000	2077.8179168700003
8	160000	2116.918563843
8	176000	2175.092697144
8	192000	2103.805541992
8	208000	2260.208129883
8	224000	2349.853515625
8	240000	2460.956573486
8	256000	2235.174179077
8	272000	2330.06477356
8	288000	2313.852310181
8	304000	2285.003662109
8	320000	2477.884292603
8	336000	2484.083175659
8	352000	2418.9949035639997
8	368000	2483.129501343
8	384000	2515.077590942
8	400000	2557.992935181
8	416000	2556.085586548
8	432000	2562.9997253419997
8	448000	2557.754516602
8	464000	2590.8946990970003
8	480000	2599.000930786
8	496000	2627.1343231200003
8	512000	2644.062042236
8	528000	2660.989761353
8	544000	2659.0824127200003
8	560000	2659.0824127200003
8	576000	2668.142318726
8	592000	2676.963806152
8	608000	2654.0756225590003
8	624000	2673.1491088870002
8	640000	2695.083618164
8	656000	2724.1706848139997
8	672000	2707.9582214360003
8	688000	2728.939056396
8	704000	2724.1706848139997
8	720000	2731.084823608
8	736000	2751.1119842529997
8	752000	2760.887145996
8	768000	2735.85319519
8	784000	2794.981002808
8	800000	2768.039703369
8	960000	3185.987472534
8	1120000	3633.02230835
8	1280000	3901.00479126
8	1440000	3880.977630615
8	1600000	4077.911376953
8	1760000	4316.091537476
8	1920000	4342.079162598
8	2080000	4536.867141723999
8	2240000	4637.956619263
8	2400000	4851.102828979
8	2560000	4930.9730529789995
8	2720000	5246.1624145509995
8	2880000	5354.166030884
8	3040000	5610.942840576
8	3200000	5693.197250366
8	3360000	5892.038345337
8	3520000	5913.972854614
8	3680000	6108.045578003
8	3840000	6139.993667602999
8	4000000	6429.91065979
8	4160000	6590.843200683999
8	4320000	6968.021392822
8	4480000	7139.921188354
8	4640000	7370.948791504
8	4800000	7508.993148804
8	4960000	7733.1066131590005
8	5120000	7936.000823975
8	5280000	8229.970932007001
8	5440000	8302.927017212001
8	5600000	8578.062057494999
8	5760000	8666.9921875
8	5920000	9013.175964355001
8	6080000	9176.015853882001
8	6240000	9510.993957519999
8	6400000	9557.008743286
8	6560000	9891.986846924
8	6720000	9861.946105957
8	6880000	10236.978530884
8	7040000	10215.997695923
8	7200000	10746.955871582
8	7360000	10757.923126221
8	7520000	11076.211929321
8	7680000	11091.947555542001
8	7840000	11456.966400146
8	8000000	11575.937271117999
16	8	18.119812012
16	400	24.080276489
16	800	25.987625121999997
16	1600	30.040740967
16	3200	35.047531127999996
16	4800	40.054321289
16	6400	45.06111145
16	8000	51.975250243999994
16	9600	54.121017456000004
16	11200	128.030776978
16	12800	130.65338134799998
16	14400	133.99124145500002
16	16000	136.137008667
16	17600	142.097473145
16	19200	144.958496094
16	20800	149.011611938
16	22400	152.111053467
16	24000	155.925750732
16	25600	159.97886657700002
16	27200	165.939331055
16	28800	166.893005371
16	30400	169.99244689900002
16	32000	172.853469849
16	33600	179.052352905
16	35200	178.098678589
16	36800	185.96649169900002
16	38400	183.10546875
16	40000	185.96649169900002
16	41600	185.96649169900002
16	43200	189.065933228
16	44800	191.926956177
16	46400	193.83430481000002
16	48000	198.84109497100002
16	49600	196.933746338
16	51200	199.07951355
16	52800	199.07951355
16	54400	201.940536499
16	56000	206.94732666
16	57600	208.139419556
16	59200	211.000442505
16	60800	211.000442505
16	62400	216.960906982
16	64000	219.82192993200002
16	65600	226.974487305
16	67200	224.113464355
16	68800	228.881835938
16	70400	231.02760314900002
16	72000	231.02760314900002
16	73600	232.93495178199998
16	75200	236.034393311
16	76800	236.034393311
16	78400	239.133834839
16	80000	240.802764893
16	96000	262.975692749
16	112000	282.049179077
16	128000	305.17578125
16	144000	329.01763916000004
16	160000	351.19056701700003
16	176000	373.840332031
16	192000	392.91381835899995
16	208000	4099.130630493
16	224000	4135.847091675
16	240000	4132.0323944090005
16	256000	4128.932952880999
16	272000	4186.153411865001
16	288000	4212.856292725
16	304000	4260.063171387
16	320000	4436.96975708
16	336000	4469.156265259
16	352000	4438.161849976
16	368000	4263.877868652
16	384000	4524.946212768999
16	400000	4650.115966797
16	416000	4686.117172241
16	432000	4658.937454223999
16	448000	4505.87272644
16	464000	4927.87361145
16	480000	5028.963088989
16	496000	5039.930343628
16	512000	4887.104034424
16	528000	5091.905593872
16	544000	5074.977874755999
16	560000	4968.166351318
16	576000	5097.150802612
16	592000	5108.118057251
16	608000	5079.030990601
16	624000	5146.980285645
16	640000	5109.071731567
16	656000	5141.973495483
16	672000	4894.9718475340005
16	688000	5157.947540283
16	704000	5164.861679077
16	720000	5172.01423645
16	736000	5182.981491089
16	752000	5201.101303101
16	768000	5182.027816772001
16	784000	5243.062973022001
16	800000	5223.989486694
16	960000	5337.953567505
16	1120000	5434.9899291990005
16	1280000	5574.941635132
16	1440000	5614.995956421
16	1600000	5702.018737793
16	1760000	5779.9816131590005
16	1920000	6119.012832642
16	2080000	6343.841552734
16	2240000	6887.912750244001
16	2400000	6911.993026733
16	2560000	6900.072097778
16	2720000	7158.994674683
16	2880000	7355.928421021
16	3040000	7476.091384888
16	3200000	7697.105407715
16	3360000	7981.061935425001
16	3520000	8152.961730957
16	3680000	8331.060409546
16	3840000	8317.947387695
16	4000000	8532.047271729
16	4160000	8563.041687011999
16	4320000	8788.108825684
16	4480000	8857.965469359999
16	4640000	9140.968322753999
16	4800000	9389.162063599
16	4960000	9462.833404541
16	5120000	9395.837783813
16	5280000	9896.993637085001
16	5440000	10042.905807494999
16	5600000	10302.066802979
16	5760000	10502.099990845001
16	5920000	10822.057723999
16	6080000	10945.081710814999
16	6240000	11114.120483398001
16	6400000	11075.973510742
16	6560000	11461.973190308001
16	6720000	11456.01272583
16	6880000	11834.144592285
16	7040000	11832.952499390001
16	7200000	12350.082397461
16	7360000	12130.022048949999
16	7520000	12723.922729492
16	7680000	12751.10244751
16	7840000	13204.097747803
16	8000000	13419.151306152
32	8	23.841857909999998
32	400	30.040740967
32	800	33.855438232
32	1600	37.908554077
32	3200	44.107437134
32	4800	51.021575928
32	6400	56.982040405
32	8000	63.896179198999995
32	9600	69.141387939
32	11200	226.02081298800002
32	12800	231.981277466
32	14400	233.888626099
32	16000	244.140625
32	17600	247.00164794900002
32	19200	246.04797363300003
32	20800	252.00843811000001
32	22400	255.107879639
32	24000	255.107879639
32	25600	263.929367065
32	27200	271.081924438
32	28800	272.989273071
32	30400	272.989273071
32	32000	275.135040283
32	33600	282.049179077
32	35200	287.055969238
32	36800	298.976898193
32	38400	293.016433716
32	40000	302.076339722
32	41600	300.884246826
32	43200	303.98368835400004
32	44800	305.891036987
32	46400	317.096710205
32	48000	313.997268677
32	49600	321.86508178699995
32	51200	326.156616211
32	52800	324.964523315
32	54400	329.01763916000004
32	56000	334.024429321
32	57600	342.13066101100003
32	59200	338.077545166
32	60800	344.038009644
32	62400	346.183776855
32	64000	352.85949707
32	65600	360.012054443
32	67200	365.01884460400004
32	68800	361.919403076
32	70400	369.787216187
32	72000	367.879867554
32	73600	370.97930908200004
32	75200	373.125076294
32	76800	381.23130798299997
32	78400	378.847122192
32	80000	381.94656372099996
32	96000	413.89465332
32	112000	422.00088501
32	128000	455.856323242
32	144000	482.082366943
32	160000	501.15585327099996
32	176000	523.090362549
32	192000	542.879104614
32	208000	571.9661712650001
32	224000	601.0532379150001
32	240000	617.980957031
32	256000	632.0476531979999
32	272000	665.9030914309999
32	288000	684.022903442
32	304000	715.970993042
32	320000	729.084014893
32	336000	756.978988647
32	352000	793.9338684080001
32	368000	800.609588623
32	384000	821.828842163
32	400000	10167.121887207
32	416000	10277.032852173
32	432000	9746.074676514
32	448000	9911.060333252
32	464000	10101.079940796
32	480000	10286.092758179
32	496000	10341.882705688
32	512000	10299.921035767
32	528000	10193.109512329
32	544000	10011.911392212001
32	560000	9907.960891724
32	576000	10583.877563476999
32	592000	10379.791259766
32	608000	10190.010070801
32	624000	10481.119155884
32	640000	10016.918182373
32	656000	10516.166687011999
32	672000	10085.821151733
32	688000	10461.091995239
32	704000	10533.809661865
32	720000	10622.978210449
32	736000	10366.916656494
32	752000	10596.990585327
32	768000	10334.968566894999
32	784000	10704.99420166
32	800000	10629.892349242999
32	960000	10827.06451416
32	1120000	11162.042617798
32	1280000	11371.850967407
32	1440000	11739.015579224
32	1600000	11923.074722289999
32	1760000	12000.08392334
32	1920000	12321.949005127
32	2080000	12496.948242188
32	2240000	12375.116348267
32	2400000	12671.947479248
32	2560000	12739.896774292001
32	2720000	12923.955917358
32	2880000	13093.948364258
32	3040000	13010.978698730001
32	3200000	13073.921203613001
32	3360000	13411.998748779
32	3520000	13555.04989624
32	3680000	13761.043548584
32	3840000	14084.815979003999
32	4000000	14492.750167847
32	4160000	14422.178268433001
32	4320000	14838.933944702
32	4480000	15050.888061523001
32	4640000	15112.87689209
32	4800000	15196.084976196
32	4960000	15360.116958617999
32	5120000	15568.017959595001
32	5280000	15873.193740845001
32	5440000	15954.01763916
32	5600000	16398.191452026
32	5760000	16300.916671752999
32	5920000	16490.697860718
32	6080000	17050.027847290003
32	6240000	17086.982727051
32	6400000	17421.960830688
32	6560000	17627.000808716002
32	6720000	18104.076385498
32	6880000	18072.128295898
32	7040000	18213.033676147
32	7200000	18713.95111084
32	7360000	18943.071365356
32	7520000	19249.91607666
32	7680000	19217.967987061
32	7840000	19573.926925658998
32	8000000	19873.142242432
2	4	9.059906006
4	4	14.066696167
6	4	14.066696167
8	4	17.881393433
10	4	20.027160645000002
12	4	21.934509277
14	4	18.835067748999997
16	4	24.080276489
18	4	22.888183594
20	4	25.033950806
22	4	25.033950806
24	4	25.987625121999997
26	4	26.941299438
28	4	25.987625121999997
30	4	24.080276489
2	100	6.198883057
4	100	12.874603271
6	100	20.027160645000002
8	100	19.073486328
10	100	25.987625121999997
12	100	27.894973755000002
14	100	32.901763916
16	100	25.987625121999997
18	100	30.994415283
20	100	31.9480896
22	100	34.093856812
24	100	34.809112549
26	100	36.001205444
28	100	39.100646973
30	100	36.954879760999994
32	100	37.908554077
34	100	42.915344238
36	100	46.968460083
38	100	41.007995605000005
40	100	40.054321289
42	100	41.007995605000005
44	100	41.961669922
46	100	51.975250243999994
48	100	45.06111145
50	100	46.014785767
52	100	46.014785767
54	100	47.922134399
56	100	46.968460083
58	100	48.160552979
60	100	46.968460083
62	100	46.014785767
64	100	40.054321289
2	500	10.013580322000001
4	500	19.073486328
6	500	30.040740967
8	500	28.133392334
10	500	39.100646973
12	500	40.054321289
14	500	49.114227295
16	500	37.908554077
18	500	46.968460083
20	500	47.922134399
22	500	48.875808716
24	500	47.922134399
26	500	53.88259887700001
28	500	55.074691772
30	500	56.982040405
32	500	48.160552979
34	500	62.942504883
36	500	56.028366089
38	500	61.750411987
40	500	70.09506225599999
42	500	62.942504883
44	500	60.081481934
46	500	66.041946411
48	500	62.942504883
50	500	65.088272095
52	500	73.19450378399999
54	500	65.088272095
56	500	73.909759521
58	500	61.750411987
60	500	62.942504883
62	500	66.99562072799999
64	500	67.949295044
2	1000	12.874603271
4	1000	25.033950806
6	1000	40.054321289
8	1000	37.908554077
10	1000	52.928924560999995
12	1000	51.975250243999994
14	1000	57.935714722
16	1000	52.928924560999995
18	1000	64.849853516
20	1000	63.896179198999995
22	1000	67.949295044
24	1000	66.041946411
26	1000	76.05552673300001
28	1000	72.956085205
30	1000	72.956085205
32	1000	62.942504883
34	1000	83.923339844
36	1000	76.05552673300001
38	1000	80.82389831500001
40	1000	77.00920105
42	1000	82.969665527
44	1000	79.870223999
46	1000	88.930130005
48	1000	80.82389831500001
50	1000	88.930130005
52	1000	92.98324585
54	1000	96.797943115
56	1000	82.969665527
58	1000	90.83747863800001
60	1000	92.029571533
62	1000	93.936920166
64	1000	75.10185241699999
2	4000	36.954879760999994
4	4000	66.99562072799999
6	4000	84.16175842300001
8	4000	106.811523438
10	4000	120.878219604
12	4000	136.85226440399998
14	4000	157.833099365
16	4000	177.145004272
18	4000	188.112258911
20	4000	201.940536499
22	4000	214.099884033
24	4000	226.02081298800002
26	4000	233.888626099
28	4000	252.00843811000001
30	4000	266.790390015
32	4000	277.99606323200004
34	4000	284.91020202600004
36	4000	302.076339722
38	4000	314.950942993
40	4000	331.163406372
42	4000	347.137451172
44	4000	349.998474121
46	4000	366.926193237
48	4000	376.93977356
50	4000	396.013259888
52	4000	417.232513428
54	4000	414.133071899
56	4000	422.954559326
58	4000	427.00767517099996
60	4000	452.04162597699997
62	4000	473.022460938
64	4000	516.891479492
2	8000	53.88259887700001
4	8000	107.04994201699999
6	8000	120.878219604
8	8000	148.057937622
10	8000	165.224075317
12	8000	182.867050171
14	8000	211.95411682099999
16	8000	221.01402282700002
18	8000	230.073928833
20	8000	251.05476379400002
22	8000	270.128250122
24	8000	285.86387634299996
26	8000	308.99047851600005
28	8000	321.86508178699995
30	8000	343.084335327
32	8000	360.012054443
34	8000	369.071960449
36	8000	389.099121094
38	8000	396.96693420400004
40	8000	415.086746216
42	8000	426.05400085400004
44	8000	448.942184448
46	8000	463.008880615
48	8000	463.962554932
50	8000	495.910644531
52	8000	478.98292541499995
54	8000	499.963760376
56	8000	510.93101501500007
58	8000	523.090362549
60	8000	533.103942871
62	8000	564.098358154
64	8000	566.005706787
2	10000	61.988830566
4	10000	128.98445129400002
6	10000	165.939331055
8	10000	166.893005371
10	10000	184.059143066
12	10000	207.901000977
14	10000	221.01402282700002
16	10000	244.140625
18	10000	259.16099548299997
20	10000	277.99606323200004
22	10000	290.870666504
24	10000	304.93736267099996
26	10000	322.103500366
28	10000	339.984893799
30	10000	359.058380127
32	10000	387.191772461
34	10000	402.927398682
36	10000	412.940979004
38	10000	442.98171997099996
40	10000	440.120697021
42	10000	455.856323242
44	10000	468.96934509299996
46	10000	478.98292541499995
48	10000	499.963760376
50	10000	509.023666382
52	10000	541.925430298
54	10000	558.1378936770001
56	10000	669.956207275
58	10000	574.111938477
60	10000	583.88710022
62	10000	631.809234619
64	10000	648.021697998
2	20000	289.916992188
4	20000	536.918640137
6	20000	750.064849854
8	20000	957.9658508299999
10	20000	1134.157180786
12	20000	1358.985900879
14	20000	328.063964844
16	20000	352.144241333
18	20000	378.847122192
20	20000	384.092330933
22	20000	410.795211792
24	20000	429.153442383
26	20000	461.10153198200004
28	20000	462.055206299
30	20000	478.98292541499995
32	20000	516.176223755
34	20000	519.9909210210001
36	20000	552.892684937
38	20000	592.947006226
40	20000	562.9062652590001
42	20000	600.8148193359999
44	20000	632.0476531979999
46	20000	629.186630249
48	20000	631.809234619
50	20000	661.134719849
52	20000	682.830810547
54	20000	734.806060791
56	20000	721.93145752
58	20000	724.077224731
60	20000	808.000564575
62	20000	753.879547119
64	20000	814.914703369
2	40000	516.176223755
4	40000	725.030899048
6	40000	911.951065063
8	40000	1130.1040649410002
10	40000	1329.8988342290002
12	40000	1540.184020996
14	40000	4539.9665832519995
16	40000	4980.087280273
18	40000	5900.144577026001
20	40000	6119.012832642
22	40000	6654.977798462
24	40000	7481.098175049
26	40000	7992.029190062999
28	40000	708.103179932
30	40000	700.950622559
32	40000	731.9450378419999
34	40000	750.7801055909999
36	40000	778.913497925
38	40000	819.206237793
40	40000	851.86958313
42	40000	847.101211548
44	40000	878.810882568
46	40000	910.9973907469999
48	40000	919.103622437
50	40000	956.0585021969999
52	40000	977.039337158
54	40000	1070.976257324
56	40000	1003.980636597
58	40000	1060.009002686
60	40000	1056.9095611569999
62	40000	1021.862030029
64	40000	1157.999038696
2	80000	769.853591919
4	80000	1205.921173096
6	80000	1211.166381836
8	80000	1446.008682251
10	80000	1914.978027344
12	80000	1890.897750854
14	80000	5059.957504272001
16	80000	5711.078643799
18	80000	6371.974945068
20	80000	6634.950637817
22	80000	7238.864898682
24	80000	7982.969284058001
26	80000	8471.012115479
28	80000	8936.882019043
30	80000	9533.166885376
32	80000	10370.016098021999
34	80000	10848.999023438
36	80000	11401.176452636999
38	80000	12064.218521117999
40	80000	12593.030929564999
42	80000	13331.890106201
44	80000	13968.944549561
46	80000	14782.905578613001
48	80000	15109.777450562
50	80000	15942.096710204998
52	80000	16206.026077271
54	80000	1542.091369629
56	80000	1517.772674561
58	80000	1579.9999237060001
60	80000	1564.979553223
62	80000	1588.821411133
64	80000	1635.0746154790002
2	100000	891.923904419
4	100000	1373.0525970459998
6	100000	1616.00112915
8	100000	1590.013504028
10	100000	1848.9360809329999
12	100000	2127.647399902
14	100000	2434.9689483640004
16	100000	2609.014511108
18	100000	2869.1291809080003
20	100000	6478.071212768999
22	100000	7707.118988037
24	100000	8215.90423584
26	100000	8679.866790771
28	100000	9243.011474609
30	100000	9757.041931152
32	100000	10481.119155884
34	100000	10836.124420166
36	100000	11488.914489746001
38	100000	12049.913406372
40	100000	12557.983398438
42	100000	13252.973556519
44	100000	13756.036758423
46	100000	14966.96472168
48	100000	15213.012695312
50	100000	15968.084335327
52	100000	16508.817672729
54	100000	17255.067825317
56	100000	17750.024795532
58	100000	18358.945846558
60	100000	18906.116485596
62	100000	19675.016403198
64	100000	20606.994628906
2	200000	1517.057418823
4	200000	2131.938934326
6	200000	2452.850341797
8	200000	2624.9885559080003
10	200000	2943.992614746
12	200000	3234.148025513
14	200000	3269.195556641
16	200000	3716.9456481929997
18	200000	4023.07510376
20	200000	7081.985473633
22	200000	8512.020111084
24	200000	9163.856506348
26	200000	9886.980056763
28	200000	10473.012924194
30	200000	11204.957962036
32	200000	11873.960494994999
34	200000	12724.876403809
36	200000	13185.977935791
38	200000	13808.965682983
40	200000	14693.975448608
42	200000	14777.898788452
44	200000	15827.178955078
46	200000	16344.07043457
48	200000	16840.696334838998
50	200000	17227.172851562
52	200000	17930.030822754
54	200000	18723.964691161997
56	200000	19167.900085449
58	200000	20081.996917725002
60	200000	20326.852798462
62	200000	20498.991012573
64	200000	21998.882293700997
2	300000	2128.1242370610003
4	300000	2940.893173218
6	300000	3178.119659424
8	300000	3529.071807861
10	300000	3747.940063477
12	300000	4058.837890625
14	300000	4331.827163696
16	300000	4981.994628906
18	300000	5210.876464844
20	300000	7820.844650269
22	300000	9212.970733643
24	300000	9750.843048096
26	300000	10526.180267334
28	300000	11306.047439574999
30	300000	11681.795120239
32	300000	12697.935104369999
34	300000	13147.115707396999
36	300000	13891.220092773001
38	300000	14605.045318604
40	300000	15310.049057007001
42	300000	16122.102737427002
44	300000	16596.078872681002
46	300000	17697.811126709003
48	300000	18056.869506836
50	300000	18934.965133667
52	300000	19515.991210938
54	300000	20309.925079346
56	300000	20817.041397095
58	300000	21577.119827271
60	300000	22114.038467407
62	300000	22995.948791504
64	300000	23478.031158447
2	400000	2775.907516479
4	400000	3755.09262085
6	400000	4148.006439209
8	400000	4278.898239136
10	400000	4588.12713623
12	400000	4991.054534912
14	400000	5225.18157959
16	400000	6006.956100464
18	400000	6278.991699219
20	400000	9823.083877563
22	400000	10565.042495728001
24	400000	11019.229888916
26	400000	11425.018310547
28	400000	11654.138565063
30	400000	12458.086013794002
32	400000	13051.986694336
34	400000	13843.059539795
36	400000	14491.081237793
38	400000	15142.917633056999
40	400000	15939.950942993
42	400000	16570.091247559
44	400000	17358.064651489
46	400000	18052.101135254
48	400000	18713.95111084
50	400000	19407.987594604
52	400000	20294.904708862
54	400000	20894.050598145
56	400000	21622.180938721
58	400000	22278.070449829
60	400000	23134.94682312
62	400000	23797.988891602
64	400000	24441.003799438
2	500000	3352.8804779049997
4	500000	5809.06867981
6	500000	6347.894668579
8	500000	6702.899932861001
10	500000	7335.186004638999
12	500000	7782.936096191001
14	500000	8875.131607056
16	500000	9318.828582764
18	500000	9721.040725707999
20	500000	10977.983474731
22	500000	11051.177978516
24	500000	11604.785919189
26	500000	12197.971343994
28	500000	13164.99710083
30	500000	13540.029525757001
32	500000	14183.99810791
34	500000	14770.030975342
36	500000	15422.105789185001
38	500000	16108.989715575999
40	500000	16558.170318604003
42	500000	17349.958419799998
44	500000	18146.991729735997
46	500000	18849.849700928
48	500000	19536.018371582
50	500000	20117.998123169
52	500000	20781.040191649998
54	500000	21714.925765991
56	500000	22233.009338379
58	500000	23113.965988158998
60	500000	23751.974105834997
62	500000	24636.030197144
64	500000	25125.026702881
2	600000	4084.11026001
4	600000	6679.773330688
6	600000	7290.124893188
8	600000	7561.922073364
10	600000	8001.804351807
12	600000	8955.001831055
14	600000	9845.972061157
16	600000	9803.056716919002
18	600000	10686.159133911
20	600000	11852.979660034
22	600000	11964.082717896
24	600000	12352.94342041
26	600000	13250.112533569
28	600000	13842.105865479
30	600000	14032.84072876
32	600000	14760.017395019999
34	600000	16501.188278198
36	600000	16619.920730591002
38	600000	16957.998275757
40	600000	17385.959625244
42	600000	18193.006515503
44	600000	18993.139266968
46	600000	19498.109817505
48	600000	20158.052444458
50	600000	20847.082138062
52	600000	21524.906158447
54	600000	22341.012954712
56	600000	23092.985153198
58	600000	23680.925369263
60	600000	24435.043334961
62	600000	25321.960449219
64	600000	25934.934616088998
2	700000	4601.0017395019995
4	700000	7727.146148682
6	700000	8483.88671875
8	700000	9088.039398193001
10	700000	10359.048843384
12	700000	9876.966476439999
14	700000	10961.055755615
16	700000	11378.765106201
18	700000	11553.049087524
20	700000	12633.800506592
22	700000	12938.976287842
24	700000	14058.113098144999
26	700000	14204.978942871001
28	700000	14859.914779662999
30	700000	16009.092330933
32	700000	16237.974166869999
34	700000	16663.789749146
36	700000	17871.856689453
38	700000	18419.027328491
40	700000	19101.142883301
42	700000	19746.065139771
44	700000	19983.053207397
46	700000	20850.18157959
48	700000	20970.821380614998
50	700000	21744.966506958
52	700000	22453.069686889998
54	700000	23137.092590332
56	700000	23825.883865356
58	700000	24595.022201538
60	700000	25252.103805542
62	700000	26049.137115479003
64	700000	26809.215545654
2	800000	5311.965942383
4	800000	9726.047515869
6	800000	11425.971984863001
8	800000	9687.185287476
10	800000	11304.140090941999
12	800000	11499.881744385
14	800000	11536.598205566
16	800000	13135.194778441999
18	800000	12632.131576537999
20	800000	13710.975646973
22	800000	14053.106307983
24	800000	14459.848403931
26	800000	15347.003936768
28	800000	15864.849090575999
30	800000	17440.080642700002
32	800000	16849.040985107
34	800000	17910.003662109
36	800000	18696.069717407
38	800000	19406.795501709003
40	800000	20078.182220459003
42	800000	20389.080047607
44	800000	21389.007568359
46	800000	21867.990493774003
48	800000	22433.042526245
50	800000	22624.015808105
52	800000	23515.224456786997
54	800000	24173.974990845
56	800000	24849.176406860002
58	800000	25692.939758301
60	800000	26257.991790770997
62	800000	26807.069778442
64	800000	27526.85546875
2	900000	5999.0882873539995
4	900000	11006.832122803
6	900000	10397.911071777
8	900000	11075.019836426
10	900000	11425.971984863001
12	900000	12902.975082396999
14	900000	13240.814208984
16	900000	13153.076171875
18	900000	14556.169509888
20	900000	14672.994613646999
22	900000	15007.019042969
24	900000	15345.096588135
26	900000	16146.183013915997
28	900000	17123.937606812
30	900000	17507.076263428
32	900000	18980.026245117002
34	900000	19685.029983521
36	900000	19831.895828247
38	900000	20651.102066040003
40	900000	21796.941757202
42	900000	21863.222122192
44	900000	22784.948348998998
46	900000	22773.981094360002
48	900000	23535.013198853
50	900000	24677.753448485997
52	900000	25009.155273438
54	900000	25712.013244629
56	900000	25899.887084961
58	900000	26763.200759888
60	900000	27325.153350829998
62	900000	27761.936187744
64	900000	28641.939163208
2	1000000	6853.1036376950005
4	1000000	11991.024017334
6	1000000	11401.891708374
8	1000000	12109.041213989
10	1000000	12418.031692505001
12	1000000	14180.183410644999
14	1000000	14146.089553832999
16	1000000	14829.158782959
18	1000000	15341.043472289999
20	1000000	16668.796539307
22	1000000	16039.133071899001
24	1000000	16537.90473938
26	1000000	17094.850540161002
28	1000000	17645.120620728
30	1000000	18573.045730591002
32	1000000	19917.964935303
34	1000000	20672.798156738
36	1000000	21121.025085449
38	1000000	21555.90057373
40	1000000	22343.158721924003
42	1000000	22669.076919556002
44	1000000	23328.065872192
46	1000000	24039.030075073
48	1000000	24706.125259399003
50	1000000	25952.816009520997
52	1000000	25794.982910156
54	1000000	27897.834777832
56	1000000	27978.897094727
58	1000000	28639.078140259
60	1000000	29155.015945435
62	1000000	29761.075973511
64	1000000	30201.91192627
