4	1	9.059906006
4	50	9.059906006
4	100	9.059906006
4	200	10.013580322000001
4	400	10.967254639
4	600	10.967254639
4	800	11.920928954999999
4	1000	12.159347534
4	1200	12.159347534
4	1400	13.113021851
4	1600	13.113021851
4	1800	14.066696167
4	2000	14.066696167
4	2200	12.874603271
4	2400	13.113021851
4	2600	13.113021851
4	2800	13.113021851
4	3000	13.113021851
4	3200	13.113021851
4	3400	13.113021851
4	3600	14.066696167
4	3800	14.066696167
4	4000	14.066696167
4	4200	15.020370483
4	4400	15.020370483
4	4600	15.020370483
4	4800	15.020370483
4	5000	15.020370483
4	5200	15.9740448
4	5400	15.9740448
4	5600	15.9740448
4	5800	15.9740448
4	6000	15.9740448
4	6200	16.927719116
4	6400	16.927719116
4	6600	17.166137695
4	6800	17.166137695
4	7000	17.166137695
4	7200	17.881393433
4	7400	17.881393433
4	7600	17.881393433
4	7800	17.881393433
4	8000	18.119812012
4	8200	19.073486328
4	8400	19.073486328
4	8600	19.073486328
4	8800	19.073486328
4	9000	19.073486328
4	9200	19.073486328
4	9400	20.027160645000002
4	9600	20.027160645000002
4	9800	20.027160645000002
4	10000	20.027160645000002
4	12000	21.934509277
4	14000	23.126602173
4	16000	25.033950806
4	18000	27.894973755000002
4	20000	29.08706665
4	22000	30.994415283
4	24000	32.901763916
4	26000	38.862228394000006
4	28000	40.054321289
4	30000	41.961669922
4	32000	42.915344238
4	34000	43.869018555000004
4	36000	46.014785767
4	38000	47.922134399
4	40000	50.067901610999996
4	42000	51.021575928
4	44000	52.928924560999995
4	46000	54.121017456000004
4	48000	56.982040405
4	50000	58.174133301000005
4	52000	61.03515625
4	54000	63.896179198999995
4	56000	65.088272095
4	58000	68.90296936
4	60000	69.856643677
4	62000	71.048736572
4	64000	73.909759521
4	66000	77.00920105
4	68000	78.916549683
4	70000	79.870223999
4	72000	82.015991211
4	74000	83.923339844
4	76000	83.923339844
4	78000	87.976455688
4	80000	87.022781372
4	82000	91.075897217
4	84000	95.129013062
4	86000	93.936920166
4	88000	92.98324585
4	90000	97.03636169399999
4	92000	99.897384644
4	94000	102.04315185499999
4	96000	102.04315185499999
4	98000	107.04994201699999
4	100000	108.00361633300001
4	120000	128.030776978
4	140000	373.840332031
4	160000	399.112701416
4	180000	432.01446533200004
4	200000	450.849533081
4	220000	484.94338989299996
4	240000	519.9909210210001
4	260000	542.879104614
4	280000	574.827194214
4	300000	593.900680542
4	320000	626.087188721
4	340000	650.1674652099999
4	360000	683.784484863
4	380000	509.977340698
4	400000	524.044036865
4	420000	544.07119751
4	440000	557.899475098
4	460000	573.15826416
4	480000	590.085983276
4	500000	608.921051025
4	520000	622.987747192
4	540000	639.915466309
4	560000	651.121139526
4	580000	675.9166717530001
4	600000	691.8907165530001
4	620000	707.864761353
4	640000	723.1235504150001
4	660000	750.7801055909999
4	680000	753.879547119
4	700000	783.9202880859999
4	720000	793.9338684080001
4	740000	817.060470581
4	760000	833.034515381
4	780000	901.9374847409999
4	800000	900.030136108
4	820000	926.971435547
4	840000	949.144363403
4	860000	965.118408203
4	880000	967.0257568359999
4	900000	993.9670562739999
4	920000	1008.0337524410002
4	940000	1029.968261719
4	960000	1035.928726196
4	980000	1060.009002686
4	1000000	1075.0293731689999
8	1	13.113021851
8	50	13.113021851
8	100	14.066696167
8	200	15.9740448
8	400	16.212463379
8	600	16.927719116
8	800	18.119812012
8	1000	18.119812012
8	1200	19.073486328
8	1400	20.027160645000002
8	1600	20.027160645000002
8	1800	20.980834961
8	2000	21.934509277
8	2200	19.073486328
8	2400	20.027160645000002
8	2600	20.980834961
8	2800	20.980834961
8	3000	20.980834961
8	3200	20.980834961
8	3400	20.980834961
8	3600	21.21925354
8	3800	21.934509277
8	4000	21.934509277
8	4200	22.172927856
8	4400	23.126602173
8	4600	23.126602173
8	4800	23.126602173
8	5000	23.126602173
8	5200	23.841857909999998
8	5400	23.841857909999998
8	5600	24.080276489
8	5800	24.080276489
8	6000	24.080276489
8	6200	25.033950806
8	6400	25.033950806
8	6600	25.987625121999997
8	6800	25.987625121999997
8	7000	25.987625121999997
8	7200	25.987625121999997
8	7400	25.987625121999997
8	7600	27.179718018000003
8	7800	26.226043701
8	8000	26.941299438
8	8200	26.941299438
8	8400	27.179718018000003
8	8600	27.894973755000002
8	8800	28.133392334
8	9000	28.133392334
8	9200	28.133392334
8	9400	28.848648071
8	9600	28.848648071
8	9800	28.848648071
8	10000	29.08706665
8	12000	30.994415283
8	14000	33.140182495
8	16000	36.001205444
8	18000	38.146972656
8	20000	41.007995605000005
8	22000	42.915344238
8	24000	45.06111145
8	26000	51.021575928
8	28000	52.928924560999995
8	30000	56.028366089
8	32000	57.935714722
8	34000	61.03515625
8	36000	62.942504883
8	38000	65.088272095
8	40000	68.187713623
8	42000	71.048736572
8	44000	73.19450378399999
8	46000	75.10185241699999
8	48000	78.916549683
8	50000	81.06231689500001
8	52000	83.923339844
8	54000	87.022781372
8	56000	90.1222229
8	58000	92.98324585
8	60000	95.129013062
8	62000	97.990036011
8	64000	100.85105895999999
8	66000	102.996826172
8	68000	107.04994201699999
8	70000	109.91096496600001
8	72000	112.056732178
8	74000	113.964080811
8	76000	116.82510376
8	78000	118.017196655
8	80000	121.116638184
8	82000	123.97766113300001
8	84000	127.077102661
8	86000	128.030776978
8	88000	131.130218506
8	90000	134.944915771
8	92000	140.905380249
8	94000	146.150588989
8	96000	148.057937622
8	98000	154.0184021
8	100000	153.064727783
8	120000	179.767608643
8	140000	434.875488281
8	160000	468.01567077600004
8	180000	501.87110900900007
8	200000	533.103942871
8	220000	570.058822632
8	240000	604.152679443
8	260000	638.961791992
8	280000	672.101974487
8	300000	701.189041138
8	320000	734.0908050539999
8	340000	781.059265137
8	360000	802.040100098
8	380000	556.945800781
8	400000	570.058822632
8	420000	587.9402160640001
8	440000	607.013702393
8	460000	633.955001831
8	480000	648.021697998
8	500000	665.9030914309999
8	520000	683.069229126
8	540000	707.149505615
8	560000	720.024108887
8	580000	739.097595215
8	600000	759.840011597
8	620000	780.1055908200001
8	640000	791.7881011960001
8	660000	813.9610290530001
8	680000	830.888748169
8	700000	854.9690246580001
8	720000	869.989395142
8	740000	897.884368896
8	760000	913.143157959
8	780000	931.978225708
8	800000	944.137573242
8	820000	966.787338257
8	840000	1111.98425293
8	860000	1013.994216919
8	880000	1028.776168823
8	900000	1048.08807373
8	920000	1070.976257324
8	940000	1088.857650757
8	960000	1097.917556763
8	980000	1127.004623413
8	1000000	1146.078109741
16	1	17.166137695
16	50	17.881393433
16	100	18.119812012
16	200	21.934509277
16	400	22.172927856
16	600	23.126602173
16	800	24.080276489
16	1000	25.033950806
16	1200	25.987625121999997
16	1400	26.941299438
16	1600	28.133392334
16	1800	28.848648071
16	2000	29.08706665
16	2200	25.987625121999997
16	2400	27.179718018000003
16	2600	27.894973755000002
16	2800	28.133392334
16	3000	27.894973755000002
16	3200	28.848648071
16	3400	28.848648071
16	3600	29.08706665
16	3800	29.08706665
16	4000	29.08706665
16	4200	29.08706665
16	4400	30.994415283
16	4600	31.9480896
16	4800	30.994415283
16	5000	30.994415283
16	5200	30.994415283
16	5400	31.9480896
16	5600	31.9480896
16	5800	31.9480896
16	6000	32.186508179
16	6200	30.994415283
16	6400	33.855438232
16	6600	33.855438232
16	6800	33.855438232
16	7000	33.855438232
16	7200	33.855438232
16	7400	35.047531127999996
16	7600	34.809112549
16	7800	34.809112549
16	8000	35.047531127999996
16	8200	34.093856812
16	8400	34.809112549
16	8600	36.001205444
16	8800	36.001205444
16	9000	36.954879760999994
16	9200	36.954879760999994
16	9400	36.954879760999994
16	9600	36.954879760999994
16	9800	36.954879760999994
16	10000	36.954879760999994
16	12000	40.054321289
16	14000	41.961669922
16	16000	45.06111145
16	18000	46.968460083
16	20000	49.114227295
16	22000	51.975250243999994
16	24000	55.074691772
16	26000	61.03515625
16	28000	62.942504883
16	30000	66.041946411
16	32000	68.90296936
16	34000	72.00241088899999
16	36000	74.86343383799999
16	38000	78.916549683
16	40000	87.976455688
16	42000	83.208084106
16	44000	86.06910705600001
16	46000	89.883804321
16	48000	92.98324585
16	50000	95.129013062
16	52000	98.94371032699999
16	54000	102.04315185499999
16	56000	106.0962677
16	58000	109.91096496600001
16	60000	113.01040649400001
16	62000	115.156173706
16	64000	119.924545288
16	66000	123.023986816
16	68000	125.885009766
16	70000	128.98445129400002
16	72000	133.037567139
16	74000	135.18333435099998
16	76000	133.037567139
16	78000	136.85226440399998
16	80000	137.80593872100002
16	82000	142.097473145
16	84000	145.91217041
16	86000	156.164169312
16	88000	157.117843628
16	90000	160.932540894
16	92000	164.031982422
16	94000	167.13142395
16	96000	168.085098267
16	98000	174.999237061
16	100000	174.999237061
16	120000	206.94732666
16	140000	463.962554932
16	160000	499.01008606
16	180000	533.103942871
16	200000	571.9661712650001
16	220000	620.84197998
16	240000	795.1259613039999
16	260000	689.9833679200001
16	280000	720.024108887
16	300000	761.032104492
16	320000	1091.9570922849998
16	340000	828.02772522
16	360000	871.896743774
16	380000	560.998916626
16	400000	586.032867432
16	420000	612.0204925539999
16	440000	632.0476531979999
16	460000	654.935836792
16	480000	670.9098815919999
16	500000	698.089599609
16	520000	721.93145752
16	540000	720.977783203
16	560000	734.0908050539999
16	580000	759.840011597
16	600000	792.9801940919999
16	620000	794.887542725
16	640000	900.030136108
16	660000	833.9881896969999
16	680000	793.9338684080001
16	700000	864.98260498
16	720000	891.923904419
16	740000	916.957855225
16	760000	917.911529541
16	780000	933.170318604
16	800000	949.144363403
16	820000	977.9930114749999
16	840000	1003.02696228
16	860000	990.1523590090001
16	880000	1025.915145874
16	900000	1043.081283569
16	920000	1054.048538208
16	940000	1085.042953491
16	960000	1394.987106323
16	980000	1100.063323975
16	1000000	1111.030578613
32	1	21.934509277
32	50	23.126602173
32	100	23.841857909999998
32	200	26.941299438
32	400	28.133392334
32	600	30.040740967
32	800	30.994415283
32	1000	31.9480896
32	1200	33.140182495
32	1400	34.093856812
32	1600	35.047531127999996
32	1800	36.001205444
32	2000	36.954879760999994
32	2200	32.901763916
32	2400	35.047531127999996
32	2600	35.047531127999996
32	2800	36.001205444
32	3000	36.001205444
32	3200	35.047531127999996
32	3400	36.001205444
32	3600	36.001205444
32	3800	38.146972656
32	4000	36.954879760999994
32	4200	36.001205444
32	4400	39.100646973
32	4600	38.862228394000006
32	4800	39.100646973
32	5000	39.100646973
32	5200	38.862228394000006
32	5400	39.100646973
32	5600	39.100646973
32	5800	40.054321289
32	6000	40.054321289
32	6200	38.146972656
32	6400	41.961669922
32	6600	42.200088501
32	6800	41.007995605000005
32	7000	41.961669922
32	7200	41.961669922
32	7400	41.961669922
32	7600	41.961669922
32	7800	42.200088501
32	8000	42.915344238
32	8200	41.007995605000005
32	8400	41.961669922
32	8600	47.206878662
32	8800	45.06111145
32	9000	45.06111145
32	9200	45.06111145
32	9400	45.06111145
32	9600	45.06111145
32	9800	46.968460083
32	10000	46.014785767
32	12000	47.922134399
32	14000	51.021575928
32	16000	52.928924560999995
32	18000	56.028366089
32	20000	66.041946411
32	22000	61.988830566
32	24000	64.134597778
32	26000	70.810317993
32	28000	72.956085205
32	30000	75.817108154
32	32000	78.916549683
32	34000	80.82389831500001
32	36000	83.208084106
32	38000	87.976455688
32	40000	87.976455688
32	42000	92.98324585
32	44000	104.904174805
32	46000	98.94371032699999
32	48000	101.089477539
32	50000	105.142593384
32	52000	109.195709229
32	54000	111.818313599
32	56000	115.156173706
32	58000	119.209289551
32	60000	122.0703125
32	62000	124.93133544900002
32	64000	132.083892822
32	66000	132.083892822
32	68000	136.137008667
32	70000	139.951705933
32	72000	142.097473145
32	74000	147.104263306
32	76000	144.00482177700002
32	78000	146.865844727
32	80000	149.965286255
32	82000	154.0184021
32	84000	164.031982422
32	86000	166.17774963399998
32	88000	168.085098267
32	90000	174.999237061
32	92000	177.86026001
32	94000	181.91337585399998
32	96000	183.10546875
32	98000	187.158584595
32	100000	188.827514648
32	120000	216.960906982
32	140000	519.9909210210001
32	160000	514.030456543
32	180000	551.93901062
32	200000	591.039657593
32	220000	630.8555603030001
32	240000	669.002532959
32	260000	705.003738403
32	280000	737.9055023190001
32	300000	771.0456848140001
32	320000	811.100006104
32	340000	834.941864014
32	360000	876.9035339359999
32	380000	777.006149292
32	400000	801.086425781
32	420000	818.014144897
32	440000	831.8424224849999
32	460000	888.109207153
32	480000	880.95664978
32	500000	900.983810425
32	520000	911.951065063
32	540000	933.170318604
32	560000	955.104827881
32	580000	982.0461273190001
32	600000	994.920730591
32	620000	1028.060913086
32	640000	1041.173934937
32	660000	1019.00100708
32	680000	972.986221313
32	700000	1062.1547698969998
32	720000	1096.01020813
32	740000	1106.977462769
32	760000	1335.144042969
32	780000	1141.7865753170001
32	800000	1164.91317749
32	820000	1196.1460113530002
32	840000	1209.97428894
32	860000	1211.881637573
32	880000	1240.968704224
32	900000	1261.949539185
32	920000	1266.002655029
32	940000	1311.063766479
32	960000	1330.8525085449999
32	980000	1332.04460144
32	1000000	1363.99269104
