4	8	3.099441528
4	400	5.0067901610000005
4	800	6.914138794
4	1600	8.106231689
4	3200	10.967254639
4	4800	13.113021851
4	6400	15.9740448
4	8000	17.881393433
4	9600	20.027160645000002
4	11200	22.888183594
4	12800	27.894973755000002
4	14400	30.040740967
4	16000	31.9480896
4	17600	33.140182495
4	19200	35.047531127999996
4	20800	41.007995605000005
4	22400	43.153762817
4	24000	45.06111145
4	25600	46.014785767
4	27200	49.114227295
4	28800	51.021575928
4	30400	52.928924560999995
4	32000	54.121017456000004
4	33600	56.982040405
4	35200	58.174133301000005
4	36800	59.127807617
4	38400	60.081481934
4	40000	61.03515625
4	41600	62.942504883
4	43200	61.988830566
4	44800	63.180923461999996
4	46400	77.00920105
4	48000	77.00920105
4	49600	79.870223999
4	51200	79.870223999
4	52800	82.015991211
4	54400	84.87701416
4	56000	87.022781372
4	57600	87.976455688
4	59200	88.930130005
4	60800	92.98324585
4	62400	92.029571533
4	64000	93.936920166
4	65600	95.129013062
4	67200	96.082687378
4	68800	97.03636169399999
4	70400	108.00361633300001
4	72000	108.957290649
4	73600	111.10305786100001
4	75200	112.056732178
4	76800	117.063522339
4	78400	117.063522339
4	80000	116.10984802200001
4	96000	128.98445129400002
4	112000	149.011611938
4	128000	157.117843628
4	144000	1882.076263428
4	160000	1983.165740967
4	176000	1924.03793335
4	192000	2358.913421631
4	208000	2452.13508606
4	224000	2812.1471405029997
4	240000	2860.069274902
4	256000	3118.9918518070003
4	272000	3283.023834229
4	288000	3744.125366211
4	304000	3736.019134521
4	320000	4268.884658813
4	336000	4266.977310181
4	352000	4642.963409424
4	368000	4724.740982056
4	384000	5173.206329346
4	400000	5055.904388428
4	416000	5313.158035278
4	432000	5339.1456604
4	448000	5872.011184692
4	464000	6110.906600952
4	480000	6574.869155884
4	496000	6588.220596313
4	512000	6886.005401611001
4	528000	6815.195083618
4	544000	7443.189620972
4	560000	7529.020309448
4	576000	7647.99118042
4	592000	7932.901382445999
4	608000	8412.599563599
4	624000	8303.880691528
4	640000	8888.006210327
4	656000	8775.949478149
4	672000	9319.067001343
4	688000	9379.148483276
4	704000	9757.041931152
4	720000	9840.965270996001
4	736000	5470.991134643999
4	752000	5417.823791504
4	768000	5523.920059204
4	784000	5487.918853759999
4	800000	5884.885787964
4	960000	6890.058517456
4	1120000	7870.912551880001
4	1280000	9296.178817749
4	1440000	10359.048843384
4	1600000	11718.034744263
4	1760000	12774.94430542
4	1920000	14155.149459839
4	2080000	15134.096145630001
4	2240000	16155.958175659
4	2400000	17494.916915894
4	2560000	18535.137176514003
4	2720000	19899.129867554
4	2880000	20994.901657104
4	3040000	22146.940231323
4	3200000	23528.814315796
4	3360000	24775.028228760002
4	3520000	25865.077972411997
4	3680000	26665.925979614
4	3840000	27990.102767943998
4	4000000	29155.969619751002
4	4160000	30529.975891113
4	4320000	31553.030014038002
4	4480000	32978.057861328
4	4640000	34001.111984253
4	4800000	35264.015197754
4	4960000	36405.086517334
4	5120000	37536.859512329
4	5280000	38911.104202271
4	5440000	39907.693862914995
4	5600000	41531.085968018
4	5760000	42387.008666992
4	5920000	43787.002563477
4	6080000	44835.090637206995
4	6240000	46207.666397094996
4	6400000	47406.911849976
4	6560000	48692.941665649
4	6720000	49944.162368774
4	6880000	50858.020782471
4	7040000	52572.965621948
4	7200000	53253.889083862
4	7360000	54885.149002075
4	7520000	55789.232254028
4	7680000	57564.973831177
4	7840000	58589.935302734004
4	8000000	59624.910354614
8	8	5.0067901610000005
8	400	8.106231689
8	800	10.013580322000001
8	1600	13.113021851
8	3200	16.212463379
8	4800	18.835067748999997
8	6400	22.888183594
8	8000	25.987625121999997
8	9600	30.994415283
8	11200	33.855438232
8	12800	46.968460083
8	14400	51.021575928
8	16000	53.16734314
8	17600	56.982040405
8	19200	60.081481934
8	20800	61.988830566
8	22400	66.99562072799999
8	24000	68.187713623
8	25600	72.00241088899999
8	27200	75.817108154
8	28800	77.00920105
8	30400	81.06231689500001
8	32000	83.923339844
8	33600	87.022781372
8	35200	88.930130005
8	36800	89.168548584
8	38400	91.075897217
8	40000	92.029571533
8	41600	94.890594482
8	43200	96.082687378
8	44800	98.94371032699999
8	46400	113.01040649400001
8	48000	107.04994201699999
8	49600	109.91096496600001
8	51200	111.10305786100001
8	52800	113.964080811
8	54400	118.017196655
8	56000	117.063522339
8	57600	118.970870972
8	59200	118.970870972
8	60800	121.116638184
8	62400	123.97766113300001
8	64000	124.21607971200001
8	65600	130.176544189
8	67200	132.083892822
8	68800	133.99124145500002
8	70400	152.826309204
8	72000	135.18333435099998
8	73600	138.99803161600002
8	75200	141.85905456499998
8	76800	145.91217041
8	78400	149.011611938
8	80000	153.064727783
8	96000	168.085098267
8	112000	190.97328186000001
8	128000	207.901000977
8	144000	1332.998275757
8	160000	1348.9723205569999
8	176000	2927.0648956299997
8	192000	3411.054611206
8	208000	3415.822982788
8	224000	3963.9472961429997
8	240000	3968.0004119870005
8	256000	4449.129104614
8	272000	4464.864730835
8	288000	4920.959472656
8	304000	4930.019378662
8	320000	5440.950393677
8	336000	5424.022674561
8	352000	5919.933319092
8	368000	5944.013595581
8	384000	6427.0496368409995
8	400000	6432.0564270019995
8	416000	7014.989852905001
8	432000	6983.041763306
8	448000	7443.189620972
8	464000	7444.143295288
8	480000	7956.981658936
8	496000	7979.869842529
8	512000	8518.934249878
8	528000	8577.108383179
8	544000	9107.112884521
8	560000	9188.890457153
8	576000	9805.917739867999
8	592000	9774.923324585001
8	608000	10306.119918822998
8	624000	10461.091995239
8	640000	11034.965515136999
8	656000	11053.085327148001
8	672000	11574.983596802002
8	688000	11664.867401123
8	704000	12242.078781128
8	720000	12268.06640625
8	736000	12818.098068237
8	752000	12891.054153441999
8	768000	13433.933258056999
8	784000	13525.009155273001
8	800000	14051.914215088
8	960000	16652.822494507
8	1120000	19767.999649048
8	1280000	22880.077362061
8	1440000	24745.225906372
8	1600000	29060.840606689
8	1760000	32181.978225708
8	1920000	35296.201705932996
8	2080000	19644.021987915003
8	2240000	20967.006683350002
8	2400000	22825.002670288
8	2560000	24140.834808350002
8	2720000	26089.906692505
8	2880000	27424.812316895
8	3040000	29233.932495117002
8	3200000	30695.915222168
8	3360000	32557.964324950997
8	3520000	34035.205841064
8	3680000	35312.891006469996
8	3840000	37179.946899414
8	4000000	38439.035415649
8	4160000	40561.914443969996
8	4320000	41997.909545898
8	4480000	43661.117553711
8	4640000	45406.103134155004
8	4800000	47442.197799682996
8	4960000	48310.041427612
8	5120000	49962.997436523
8	5280000	51785.945892334
8	5440000	53295.135498047
8	5600000	55013.895034789995
8	5760000	56674.957275390996
8	5920000	58891.057968140005
8	6080000	59927.225112914995
8	6240000	61954.975128174
8	6400000	63468.933105469
8	6560000	64805.98449706999
8	6720000	66826.105117798
8	6880000	68315.029144287
8	7040000	70135.831832886
8	7200000	71759.93919372601
8	7360000	73550.701141357
8	7520000	75035.095214844
8	7680000	76973.915100098
8	7840000	78892.23098754899
8	8000000	80217.123031616
16	8	7.86781311
16	400	10.967254639
16	800	13.113021851
16	1600	17.166137695
16	3200	21.934509277
16	4800	25.987625121999997
16	6400	30.994415283
16	8000	35.047531127999996
16	9600	41.007995605000005
16	11200	44.822692871
16	12800	51.021575928
16	14400	57.935714722
16	16000	61.988830566
16	17600	67.949295044
16	19200	72.956085205
16	20800	79.870223999
16	22400	83.923339844
16	24000	91.075897217
16	25600	119.924545288
16	27200	127.077102661
16	28800	133.037567139
16	30400	133.99124145500002
16	32000	144.958496094
16	33600	139.951705933
16	35200	157.117843628
16	36800	152.111053467
16	38400	163.078308105
16	40000	149.011611938
16	41600	168.085098267
16	43200	177.86026001
16	44800	180.959701538
16	46400	186.920166016
16	48000	188.112258911
16	49600	191.926956177
16	51200	197.172164917
16	52800	198.125839233
16	54400	205.993652344
16	56000	211.95411682099999
16	57600	218.868255615
16	59200	220.060348511
16	60800	225.067138672
16	62400	231.981277466
16	64000	230.073928833
16	65600	213.861465454
16	67200	240.087509155
16	68800	247.00164794900002
16	70400	254.154205322
16	72000	262.022018433
16	73600	262.975692749
16	75200	304.222106934
16	76800	272.035598755
16	78400	275.135040283
16	80000	284.91020202600004
16	96000	328.063964844
16	112000	379.085540771
16	128000	423.90823364299996
16	144000	498.056411743
16	160000	2182.960510254
16	176000	2197.980880737
16	192000	2624.9885559080003
16	208000	2628.087997437
16	224000	3067.016601562
16	240000	3089.9047851560003
16	256000	3491.163253784
16	272000	3512.1440887450003
16	288000	3906.011581421
16	304000	3926.9924163819996
16	320000	4355.907440186
16	336000	4366.8746948240005
16	352000	4760.026931763
16	368000	10622.262954712001
16	384000	11438.846588135
16	400000	11553.049087524
16	416000	12367.010116577
16	432000	12418.985366821
16	448000	13263.940811157
16	464000	13293.981552124
16	480000	14185.905456543
16	496000	14183.044433594
16	512000	15026.092529297
16	528000	15076.875686646
16	544000	15949.964523314999
16	560000	15933.036804199
16	576000	16767.024993895997
16	592000	16836.881637573
16	608000	17762.899398804
16	624000	17804.861068725997
16	640000	18620.014190674003
16	656000	18583.774566649998
16	672000	19443.035125732
16	688000	19469.976425171
16	704000	20344.018936157
16	720000	20349.979400635002
16	736000	21178.007125854
16	752000	21188.974380493
16	768000	22087.097167969
16	784000	22460.9375
16	800000	23488.04473877
16	960000	26687.145233154
16	1120000	31183.004379272
16	1280000	35549.879074097
16	1440000	40193.080902099995
16	1600000	44404.029846191
16	1760000	48983.097076416
16	1920000	53299.903869629
16	2080000	57936.906814575
16	2240000	61502.218246460005
16	2400000	66262.96043396
16	2560000	70152.997970581
16	2720000	74654.81758117699
16	2880000	79185.009002686
16	3040000	83354.949951172
16	3200000	88028.90777587901
16	3360000	92546.939849854
16	3520000	97030.87806701701
16	3680000	101047.99270629899
16	3840000	105490.922927856
16	4000000	111558.91418456999
16	4160000	115504.02641296401
16	4320000	119937.896728516
16	4480000	69069.862365723
16	4640000	71290.016174316
16	4800000	74180.126190186
16	4960000	76264.142990112
16	5120000	78444.004058838
16	5280000	81526.9947052
16	5440000	83659.172058105
16	5600000	87006.092071533
16	5760000	88654.041290283
16	5920000	92328.071594238
16	6080000	94438.076019287
16	6240000	97921.133041382
16	6400000	99797.964096069
16	6560000	101897.954940796
16	6720000	105572.93891906699
16	6880000	107137.203216553
16	7040000	110404.014587402
16	7200000	112387.895584106
16	7360000	115590.09552002
16	7520000	117424.96490478501
16	7680000	120962.85820007301
16	7840000	122992.992401123
16	8000000	125355.00526428201
32	8	9.059906006
32	400	15.020370483
32	800	15.9740448
32	1600	28.133392334
32	3200	27.894973755000002
32	4800	31.9480896
32	6400	42.915344238
32	8000	46.014785767
32	9600	50.783157349
32	11200	58.174133301000005
32	12800	62.942504883
32	14400	71.048736572
32	16000	77.962875366
32	17600	86.06910705600001
32	19200	89.883804321
32	20800	102.04315185499999
32	22400	109.195709229
32	24000	115.871429443
32	25600	121.116638184
32	27200	128.98445129400002
32	28800	138.0443573
32	30400	144.00482177700002
32	32000	152.826309204
32	33600	161.17095947299998
32	35200	170.946121216
32	36800	173.091888428
32	38400	182.867050171
32	40000	191.926956177
32	41600	199.07951355
32	43200	205.03997802700002
32	44800	211.95411682099999
32	46400	222.92137146
32	48000	226.974487305
32	49600	235.080718994
32	51200	241.994857788
32	52800	295.87745666499995
32	54400	292.778015137
32	56000	298.023223877
32	57600	316.14303588900003
32	59200	317.811965942
32	60800	325.918197632
32	62400	317.096710205
32	64000	329.97131347699997
32	65600	288.009643555
32	67200	341.892242432
32	68800	337.839126587
32	70400	342.13066101100003
32	72000	354.051589966
32	73600	370.97930908200004
32	75200	375.032424927
32	76800	380.99288940400004
32	78400	376.93977356
32	80000	385.046005249
32	96000	433.92181396499996
32	112000	489.950180054
32	128000	527.858734131
32	144000	622.034072876
32	160000	676.155090332
32	176000	716.924667358
32	192000	776.052474976
32	208000	797.9869842530001
32	224000	856.1611175539999
32	240000	908.851623535
32	256000	957.9658508299999
32	272000	1205.921173096
32	288000	1041.889190674
32	304000	1101.9706726069999
32	320000	1147.985458374
32	336000	1204.013824463
32	352000	1266.002655029
32	368000	1323.938369751
32	384000	1337.0513916020002
32	400000	1393.07975769
32	416000	1426.935195923
32	432000	1472.949981689
32	448000	1531.12411499
32	464000	1559.972763062
32	480000	1619.100570679
32	496000	1701.11656189
32	512000	1691.818237305
32	528000	1756.9065093989998
32	544000	1832.962036133
32	560000	8171.081542969
32	576000	8615.016937256
32	592000	8655.071258545
32	608000	9110.927581787
32	624000	9146.213531494
32	640000	9634.971618652
32	656000	9645.938873291
32	672000	10073.900222778
32	688000	10112.047195435001
32	704000	10565.996170044002
32	720000	10643.005371094
32	736000	11034.01184082
32	752000	45381.069183349995
32	768000	47439.098358154
32	784000	47373.056411743
32	800000	49149.990081787
32	960000	56808.948516846
32	1120000	66271.06666564899
32	1280000	76143.980026245
32	1440000	85921.049118042
32	1600000	95846.89140319801
32	1760000	105322.12257385299
32	1920000	115664.958953857
32	2080000	125212.907791138
32	2240000	132950.06752014198
32	2400000	142904.99687194798
32	2560000	152670.14503479
32	2720000	162654.876708984
32	2880000	172343.969345093
32	3040000	182544.946670532
32	3200000	191827.058792114
32	3360000	202228.06930542
32	3520000	212634.086608887
32	3680000	220580.101013184
32	3840000	231546.16355896
32	4000000	241780.996322632
32	4160000	252893.924713135
32	4320000	263572.931289673
32	4480000	273092.031478882
32	4640000	284806.966781616
32	4800000	295027.97126769996
32	4960000	304388.046264648
32	5120000	314543.008804321
32	5280000	325472.831726074
32	5440000	336389.064788818
32	5600000	347012.04299926804
32	5760000	357207.05986022897
32	5920000	368440.86647033703
32	6080000	380673.885345459
32	6240000	390485.76354980504
32	6400000	399755.716323853
32	6560000	410385.131835938
32	6720000	421108.00743103
32	6880000	431642.055511475
32	7040000	442622.900009155
32	7200000	452868.938446045
32	7360000	464202.880859375
32	7520000	475139.141082764
32	7680000	485908.985137939
32	7840000	494522.094726562
32	8000000	504776.954650879
2	4	3.099441528
4	4	9.059906006
6	4	5.9604644780000005
8	4	11.205673218
10	4	15.020370483
12	4	15.020370483
14	4	7.86781311
16	4	15.9740448
18	4	15.020370483
20	4	19.073486328
22	4	19.073486328
24	4	18.119812012
26	4	20.027160645000002
28	4	20.027160645000002
30	4	10.013580322000001
2	100	3.814697266
4	100	6.914138794
6	100	13.113021851
8	100	10.013580322000001
10	100	15.9740448
12	100	19.073486328
14	100	20.980834961
16	100	13.828277588
18	100	20.980834961
20	100	21.934509277
22	100	25.987625121999997
24	100	25.987625121999997
26	100	26.226043701
28	100	25.033950806
30	100	29.08706665
32	100	16.927719116
34	100	28.133392334
36	100	29.08706665
38	100	30.755996704
40	100	28.133392334
42	100	27.179718018000003
44	100	32.186508179
46	100	33.140182495
48	100	30.040740967
50	100	30.040740967
52	100	30.994415283
54	100	36.001205444
56	100	32.901763916
58	100	34.093856812
60	100	34.093856812
62	100	36.954879760999994
64	100	20.027160645000002
2	500	5.9604644780000005
4	500	12.874603271
6	500	20.027160645000002
8	500	17.166137695
10	500	23.841857909999998
12	500	27.179718018000003
14	500	28.848648071
16	500	22.888183594
18	500	31.9480896
20	500	32.186508179
22	500	35.047531127999996
24	500	36.001205444
26	500	36.001205444
28	500	37.908554077
30	500	39.100646973
32	500	28.848648071
34	500	38.146972656
36	500	40.054321289
38	500	41.961669922
40	500	38.862228394000006
42	500	41.961669922
44	500	46.968460083
46	500	44.822692871
48	500	41.961669922
50	500	43.869018555000004
52	500	45.06111145
54	500	43.153762817
56	500	44.107437134
58	500	48.160552979
60	500	49.114227295
62	500	49.114227295
64	500	36.954879760999994
2	1000	9.059906006
4	1000	18.119812012
6	1000	26.941299438
8	1000	25.987625121999997
10	1000	36.954879760999994
12	1000	38.146972656
14	1000	45.06111145
16	1000	35.047531127999996
18	1000	46.968460083
20	1000	49.114227295
22	1000	50.067901610999996
24	1000	46.968460083
26	1000	51.021575928
28	1000	53.16734314
30	1000	54.121017456000004
32	1000	44.107437134
34	1000	56.982040405
36	1000	56.982040405
38	1000	60.081481934
40	1000	57.935714722
42	1000	61.03515625
44	1000	61.03515625
46	1000	59.127807617
48	1000	72.00241088899999
50	1000	61.03515625
52	1000	64.849853516
54	1000	63.180923461999996
56	1000	64.134597778
58	1000	66.041946411
60	1000	66.99562072799999
62	1000	73.909759521
64	1000	58.174133301000005
2	4000	22.888183594
4	4000	54.121017456000004
6	4000	73.909759521
8	4000	84.16175842300001
10	4000	101.089477539
12	4000	120.162963867
14	4000	132.083892822
16	4000	143.051147461
18	4000	145.91217041
20	4000	159.025192261
22	4000	163.078308105
24	4000	154.733657837
26	4000	170.946121216
28	4000	167.13142395
30	4000	171.89979553199998
32	4000	152.826309204
34	4000	184.059143066
36	4000	185.96649169900002
38	4000	188.112258911
40	4000	186.920166016
42	4000	190.97328186000001
44	4000	191.926956177
46	4000	191.926956177
48	4000	182.151794434
50	4000	200.03318786600002
52	4000	199.07951355
54	4000	204.086303711
56	4000	200.986862183
58	4000	200.986862183
60	4000	205.993652344
62	4000	213.146209717
64	4000	187.873840332
2	8000	43.869018555000004
4	8000	92.98324585
6	8000	113.964080811
8	8000	124.93133544900002
10	8000	143.051147461
12	8000	156.879425049
14	8000	226.02081298800002
16	8000	243.186950684
18	8000	242.94853210399998
20	8000	277.99606323200004
22	8000	260.1146698
24	8000	269.174575806
26	8000	313.04359436
28	8000	292.062759399
30	8000	320.91140747099996
32	8000	334.978103638
34	8000	319.95773315400004
36	8000	341.892242432
38	8000	345.230102539
40	8000	381.94656372099996
42	8000	387.907028198
44	8000	382.1849823
46	8000	383.138656616
48	8000	374.07875061
50	8000	422.954559326
52	8000	407.93418884299996
54	8000	419.855117798
56	8000	404.119491577
58	8000	411.987304688
60	8000	415.086746216
62	8000	516.176223755
64	8000	388.860702515
2	10000	58.889389038000004
4	10000	118.970870972
6	10000	140.905380249
8	10000	154.0184021
10	10000	169.038772583
12	10000	180.959701538
14	10000	262.975692749
16	10000	282.049179077
18	10000	285.86387634299996
20	10000	295.87745666499995
22	10000	316.858291626
24	10000	313.04359436
26	10000	319.00405883800005
28	10000	327.110290527
30	10000	350.952148438
32	10000	386.953353882
34	10000	384.092330933
36	10000	367.879867554
38	10000	388.860702515
40	10000	412.22572326700003
42	10000	426.05400085400004
44	10000	414.133071899
46	10000	428.915023804
48	10000	440.835952759
50	10000	543.8327789309999
52	10000	519.9909210210001
54	10000	517.845153809
56	10000	578.880310059
58	10000	498.056411743
60	10000	596.046447754
62	10000	504.01687622099996
64	10000	465.154647827
2	20000	561.952590942
4	20000	1358.985900879
6	20000	1902.81867981
8	20000	1215.934753418
10	20000	1926.898956299
12	20000	1935.005187988
14	20000	1863.0027771
16	20000	1842.9756164550001
18	20000	575.065612793
20	20000	602.006912231
22	20000	616.073608398
24	20000	612.0204925539999
26	20000	734.0908050539999
28	20000	671.8635559080001
30	20000	666.14151001
32	20000	690.937042236
34	20000	685.930252075
36	20000	710.964202881
38	20000	738.143920898
40	20000	750.064849854
42	20000	854.0153503419999
44	20000	771.999359131
46	20000	772.9530334469999
48	20000	789.165496826
50	20000	798.9406585690001
52	20000	834.941864014
54	20000	860.929489136
56	20000	930.786132812
58	20000	905.03692627
60	20000	921.964645386
62	20000	991.821289062
64	20000	926.971435547
2	40000	944.137573242
4	40000	2715.826034546
6	40000	3627.0618438720003
8	40000	4579.067230225
10	40000	7436.990737915
12	40000	8419.036865234
14	40000	10282.039642334
16	40000	3640.89012146
18	40000	3885.03074646
20	40000	3913.8793945310003
22	40000	4140.138626098999
24	40000	1096.963882446
26	40000	1101.9706726069999
28	40000	1132.965087891
30	40000	1178.0261993410002
32	40000	1159.9063873290002
34	40000	1205.921173096
36	40000	1401.901245117
38	40000	1439.094543457
40	40000	1247.8828430180001
42	40000	1277.923583984
44	40000	1247.16758728
46	40000	1302.95753479
48	40000	1294.8513031010002
50	40000	1302.95753479
52	40000	1372.098922729
54	40000	1345.872879028
56	40000	1401.901245117
58	40000	1418.113708496
60	40000	1617.1932220459998
62	40000	1625.061035156
64	40000	1656.770706177
2	80000	1871.109008789
4	80000	5455.97076416
6	80000	7140.874862671
8	80000	8708.953857422
10	80000	14323.949813843
12	80000	15963.077545165997
14	80000	19402.980804443
16	80000	21074.056625366
18	80000	22876.977920532
20	80000	26316.88117981
22	80000	28012.037277222
24	80000	31468.152999878
26	80000	34919.977188109995
28	80000	9313.106536865
30	80000	9093.046188354
32	80000	9254.932403564
34	80000	9269.952774048
36	80000	2224.922180176
38	80000	2388.0004882810003
40	80000	2110.004425049
42	80000	2391.815185547
44	80000	2307.891845703
46	80000	2271.8906402589996
48	80000	2333.879470825
50	80000	2318.143844604
52	80000	2420.902252197
54	80000	2402.7824401860003
56	80000	2345.085144043
58	80000	2466.201782227
60	80000	2465.009689331
62	80000	2525.091171265
64	80000	2508.8787078859996
2	100000	2405.166625977
4	100000	4040.9564971920004
6	100000	8973.836898804
8	100000	10892.868041992
10	100000	13036.966323853001
12	100000	15053.987503052002
14	100000	17183.065414429
16	100000	24038.076400757
18	100000	26475.90637207
20	100000	28258.800506592
22	100000	32679.080963135002
24	100000	34715.890884399
26	100000	36808.013916015996
28	100000	38836.002349854
30	100000	43070.077896118
32	100000	45135.974884033
34	100000	49831.867218018
36	100000	10403.871536255001
38	100000	10976.791381836
40	100000	11189.937591553
42	100000	2746.1051940919997
44	100000	2776.861190796
46	100000	2822.875976562
48	100000	2781.1527252200003
50	100000	3023.8628387450003
52	100000	3205.060958862
54	100000	2892.017364502
56	100000	2884.864807129
58	100000	2967.119216919
60	100000	2971.172332764
62	100000	3173.112869263
64	100000	2992.868423462
2	200000	4588.12713623
4	200000	7944.107055664
6	200000	10144.948959351
8	200000	21426.916122437
10	200000	25163.173675536997
12	200000	29198.169708252
14	200000	33142.08984375
16	200000	48072.099685669
18	200000	52585.124969482
20	200000	56494.951248169
22	200000	64357.042312622
24	200000	68408.012390137
26	200000	72350.025177002
28	200000	76207.160949707
30	200000	84634.06562805199
32	200000	88378.90625
34	200000	97470.998764038
36	200000	109620.094299316
38	200000	118628.978729248
40	200000	122395.038604736
42	200000	126868.00956726099
44	200000	130691.05148315399
46	200000	134623.05068969697
48	200000	138714.075088501
50	200000	142675.876617432
52	200000	146556.13899230998
54	200000	150743.007659912
56	200000	154946.088790894
58	200000	158552.885055542
60	200000	162410.974502563
62	200000	166595.22056579601
64	200000	174895.048141479
2	300000	6812.09564209
4	300000	12032.032012939
6	300000	14890.909194946
8	300000	18249.034881592
10	300000	37367.820739746
12	300000	43417.930603026995
14	300000	49027.20451355
16	300000	74059.009552002
18	300000	80776.929855347
20	300000	86560.010910034
22	300000	98303.07960510299
24	300000	104172.945022583
26	300000	109915.971755981
28	300000	115740.06080627399
30	300000	127693.176269531
32	300000	133867.979049683
34	300000	146949.052810669
36	300000	165136.09886169402
38	300000	178852.08129882798
40	300000	184628.963470459
42	300000	189757.823944092
44	300000	195950.984954834
46	300000	202307.939529419
48	300000	207647.08518981902
50	300000	213686.70463562
52	300000	219444.036483765
54	300000	225616.931915283
56	300000	231805.801391602
58	300000	237334.96665954601
60	300000	243300.199508667
62	300000	249190.092086792
64	300000	262070.894241333
2	400000	9021.997451782
4	400000	15775.918960571002
6	400000	19928.932189941
8	400000	24197.101593018
10	400000	28256.893157959003
12	400000	58443.069458008
14	400000	66124.91607666001
16	400000	100673.19869995101
18	400000	110201.120376587
20	400000	118211.98463439899
22	400000	133745.908737183
24	400000	141812.801361084
26	400000	148952.007293701
28	400000	156352.043151855
30	400000	172936.916351318
32	400000	180886.98387146
34	400000	198724.98512268098
36	400000	222353.935241699
38	400000	240545.988082886
40	400000	248481.035232544
42	400000	255993.12782287598
44	400000	263906.002044678
46	400000	272119.998931885
48	400000	280162.811279297
50	400000	288272.142410278
52	400000	295913.934707642
54	400000	304041.862487793
56	400000	311513.18550109904
58	400000	319478.034973145
60	400000	328122.85423278797
62	400000	335349.082946777
64	400000	351790.904998779
2	500000	11406.898498535
4	500000	18117.904663086
6	500000	25026.798248290997
8	500000	30295.848846436
10	500000	35484.075546265005
12	500000	40737.867355347
14	500000	46087.026596069
16	500000	127582.07321167001
18	500000	140599.96604919402
20	500000	150178.194046021
22	500000	167876.95884704601
24	500000	180901.050567627
26	500000	187539.10064697298
28	500000	196920.156478882
30	500000	217367.172241211
32	500000	229273.796081543
34	500000	248907.089233398
36	500000	278455.972671509
38	500000	301668.882369995
40	500000	311254.024505615
42	500000	322073.936462402
44	500000	331168.174743652
46	500000	341407.060623169
48	500000	350677.96707153297
50	500000	361489.057540894
52	500000	370820.999145508
54	500000	380859.85183715797
56	500000	390538.215637207
58	500000	400961.16065979
60	500000	410178.184509277
62	500000	421383.14247131295
64	500000	445562.124252319
2	600000	13870.954513550001
4	600000	22294.998168945
6	600000	30080.080032349
8	600000	37147.045135497996
10	600000	43395.042419434
12	600000	49785.137176514
14	600000	56293.010711669995
16	600000	79585.075378418
18	600000	171815.87219238302
20	600000	184456.11000061
22	600000	205286.026000977
24	600000	219805.002212524
26	600000	226602.077484131
28	600000	239742.994308472
30	600000	264791.96548461897
32	600000	280406.951904297
34	600000	303614.139556885
36	600000	339779.13856506295
38	600000	368154.048919678
40	600000	379243.13545227103
42	600000	391817.808151245
44	600000	404672.14584350603
46	600000	417997.12181091297
48	600000	425786.972045898
50	600000	441033.840179443
52	600000	453780.174255371
54	600000	465860.12840271
56	600000	476076.84135437
58	600000	490355.96847534203
60	600000	500803.94744873
62	600000	514472.00775146496
64	600000	543751.955032349
2	700000	16298.055648803998
4	700000	25709.15222168
6	700000	35130.023956299
8	700000	43343.067169189
10	700000	50609.827041626
12	700000	58517.932891846
14	700000	66149.950027466
16	700000	80928.802490234
18	700000	103060.007095337
20	700000	215574.979782104
22	700000	241624.116897583
24	700000	274465.084075928
26	700000	284072.16072082496
28	700000	297319.173812866
30	700000	312086.10534668004
32	700000	328837.871551514
34	700000	354865.074157715
36	700000	368819.952011108
38	700000	384809.01718139596
40	700000	428040.981292725
42	700000	459791.898727417
44	700000	491040.229797363
46	700000	504934.07249450695
48	700000	517101.049423218
50	700000	533636.808395386
52	700000	547676.086425781
54	700000	561272.859573364
56	700000	576087.951660156
58	700000	590443.849563599
60	700000	605249.881744385
62	700000	618422.031402588
2	800000	18663.883209229003
4	800000	29808.99810791
6	800000	39932.012557983006
8	800000	49007.892608643
10	800000	58494.091033936
12	800000	67093.13392639201
14	800000	76519.012451172
16	800000	93523.02551269499
18	800000	120707.988739014
20	800000	129480.83877563498
22	800000	145222.187042236
24	800000	315147.876739502
26	800000	327535.152435303
28	800000	343012.809753418
30	800000	359101.057052612
32	800000	379324.913024902
34	800000	406066.89453125
36	800000	424144.02961731004
38	800000	443557.02400207496
40	800000	493500.94795227103
42	800000	527719.020843506
44	800000	564939.7373199459
46	800000	579685.926437378
48	800000	594484.806060791
50	800000	614053.010940552
52	800000	630347.967147827
54	800000	646584.033966064
56	800000	663162.94670105
58	800000	679017.0669555659
60	800000	697018.86177063
2	900000	21265.983581543
4	900000	33765.077590942004
6	900000	44625.043869019
8	900000	56176.185607909996
10	900000	66150.90370178201
12	900000	75949.907302856
14	900000	86754.083633423
16	900000	96040.01045227099
18	900000	133682.01255798302
20	900000	146619.081497192
22	900000	155141.11518859898
24	900000	175334.93041992202
26	900000	370324.13482666
28	900000	390135.049819946
30	900000	407961.13014221203
32	900000	430397.987365723
34	900000	462350.130081177
36	900000	481925.010681152
38	900000	503543.853759766
40	900000	519437.074661255
42	900000	580813.884735107
44	900000	618093.013763428
46	900000	659118.890762329
48	900000	673685.073852539
50	900000	696617.126464844
52	900000	713619.947433472
54	900000	733041.048049927
56	900000	752499.580383301
2	1000000	23561.000823975002
4	1000000	37389.039993286
6	1000000	49818.992614746
8	1000000	62100.887298584
10	1000000	73854.923248291
12	1000000	85103.750228882
14	1000000	97408.056259155
16	1000000	107648.13423156699
18	1000000	120110.034942627
20	1000000	160519.123077393
22	1000000	172736.883163452
24	1000000	186449.05090332002
26	1000000	204365.96870422398
28	1000000	434042.930603027
30	1000000	453454.01763916
32	1000000	477743.148803711
34	1000000	493886.947631836
36	1000000	536792.039871216
38	1000000	558429.956436157
40	1000000	577779.054641724
42	1000000	599761.0092163091
44	1000000	665503.978729248
46	1000000	707732.2006225591
48	1000000	750995.874404907
50	1000000	774693.965911865
52	1000000	795387.983322144
54	1000000	815762.996673584